0 (222, 0)
1 (222, 18)
2 (222, 36)
3 (222, 54)
4 (222, 72)
5 (222, 90)
6 (222, 108)
7 (222, 126)
8 (222, 144)
9 (222, 162)
10 (222, 180)
11 (445, 0)
12 (445, 18)
13 (445, 36)
14 (445, 54)
15 (445, 72)
16 (445, 90)
17 (445, 108)
18 (445, 126)
19 (445, 144)
20 (445, 162)
21 (445, 180)
22 (667, 0)
23 (667, 18)
24 (667, 36)
25 (667, 54)
26 (667, 72)
27 (667, 90)
28 (667, 108)
29 (667, 126)
30 (667, 144)
31 (667, 162)
32 (667, 180)
33 (890, 0)
34 (890, 18)
35 (890, 36)
36 (890, 54)
37 (890, 72)
38 (890, 90)
39 (890, 108)
40 (890, 126)
41 (890, 144)
42 (890, 162)
43 (890, 180)
